%YAML:1.0
CameraExtrinsicMat: !!opencv-matrix
   rows: 4
   cols: 4
   dt: d
   data: [ 0., -1.,
       0., -0.15,
       0., 0.,
       1., 0.6,
       1., 0.,
       0., -1., 0., 0., 0., 1. ]
CameraMat: !!opencv-matrix
   rows: 3
   cols: 3
   dt: d
   data: [ 2.1325e+03, 0., 1.031e+03, 0.,
       2.1335e+03, 7.328e+02, 0., 0., 1. ]
DistCoeff: !!opencv-matrix
   rows: 1
   cols: 5
   dt: d
   data: [ -0.209e-01, -0.680e-01,
       0., 0.,
       0. ]
ImageSize: [ 1600, 1200 ]
ReprojectionError: 3.9271711128416248e-01
